y'1	-35	2.2	-10
y'2	-34	0.31	-7.7
y'3	-34	-2.3	-3.7
y'4	-34	-5	-0.077
y'5	-34	-6.9	2.9
y'6	-34	-9.6	6.6
y'7	-34	-12	11
y'8	-33	-15	14
y'9	-33	-17	17
y'10	-33	-20	21
y'11	-33	-23	25
y'12	-32	-25	29
y'13	-32	-27	32
y'14	-32	-30	35
y'15	-32	-33	39
y'16	-31	-35	42
y'17	-31	-37	45
y'18	-31	-40	49
y'19	-30	-43	53
y'20	-30	-45	55
y'21	-30	-47	59
y'22	-29	-50	62
y'23	-29	-52	65
y'24	-29	-54	68
y'25	-28	-57	71
y'26	-28	-59	75
y'27	-27	-62	78
t'1	-36	-9.5	-9.1
t'2	-40	-9.3	-9.4
t'3	-44	-9	-9.7
t'4	-47	-8.9	-10
t'5	-51	-8.7	-10
t'6	-55	-8.4	-10
t'7	-58	-8.2	-11
t'8	-62	-8	-11
t'9	-65	-7.9	-11
t'10	-69	-7.8	-11
t'11	-72	-7.6	-12
t'12	-76	-7.5	-12
u'1	-36	-21	5
u'2	-39	-21	4.9
u'3	-43	-21	4.7
u'4	-47	-21	4.4
u'5	-51	-21	4.1
u'6	-54	-21	3.9
u'7	-58	-21	3.7
u'8	-62	-21	3.6
u'9	-65	-21	3.4
u'10	-69	-21	3.2
u'11	-72	-21	2.9
u'12	-75	-21	2.6
v'1	-1.3	-39	31
v'2	-5.4	-39	31
v'3	-9.2	-39	31
v'4	-13	-39	31
v'5	-17	-39	31
v'6	-21	-39	31
v'7	-25	-39	31
v'8	-29	-39	30
v'9	-33	-39	30
v'10	-37	-39	30
v'11	-41	-39	30
v'12	-45	-39	29
v'13	-48	-39	29
v'14	-52	-39	29
v'15	-56	-38	29
v'16	-59	-38	29
v'17	-63	-38	28
v'18	-66	-38	28
v'19	-70	-38	28
v'20	-73	-38	28
x'1	-0.73	-66	36
x'2	-4.3	-66	36
x'3	-8.7	-66	36
x'4	-12	-66	36
x'5	-16	-66	36
x'6	-20	-66	36
x'7	-24	-65	35
x'8	-28	-65	35
x'9	-32	-65	35
x'10	-36	-65	35
x'11	-40	-65	35
x'12	-44	-64	34
x'13	-47	-64	34
x'14	-51	-64	34
x'15	-54	-64	34
x'16	-58	-64	34
x'17	-62	-63	33
x'18	-65	-63	33
et'1	-19	-9.4	-35
et'2	-22	-9.2	-35
et'3	-26	-9	-35
et'4	-30	-8.8	-35
et'5	-34	-8.6	-35
et'6	-37	-8.4	-35
et'7	-41	-8.2	-35
et'8	-45	-8	-36
et'9	-49	-7.9	-36
et'10	-52	-7.7	-36
et'11	-55	-7.6	-36
et'12	-59	-7.4	-36
et'13	-63	-7.3	-36
et'14	-66	-7.1	-36
et'15	-70	-7	-36
b'1 -20	-20	-19
b'2 -24	-20	-19
b'3	-27	-19	-19
b'4	-32	-19	-19
b'5	-36	-18	-20
b'6	-39	-18	-20
b'7	-43	-17	-20
b'8	-47	-17	-20
b'9	-50	-16	-21
b'10	-54	-16	-21
b'11	-57	-16	-21
b'12	-61	-15	-22
b'13	-64	-15	-22
b'14	-68	-15	-22
b'15	-71	-14	-22
c'1	-25	-37	-5.4
c'2	-28	-37	-5.5
c'3	-32	-37	-5.7
c'4	-36	-37	-6
c'5	-40	-37	-6.2
c'6	-44	-37	-6.3
c'7	-48	-37	-6.5
c'8	-51	-36	-6.6
c'9	-55	-36	-6.7
c'10	-59	-36	-6.8
c'11	-62	-36	-7.1
c'12	-66	-36	-7.4
c'13	-69	-36	-7.5
c'14	-72	-36	-7.6
d'1	-28	-47	4
d'2	-32	-47	4
d'3	-36	-47	3.9
d'4	-40	-47	3.7
d'5	-44	-47	3.6
d'6	-48	-46	3.3
d'7	-51	-46	3.1
d'8	-55	-46	3
d'9	-59	-46	2.9
d'10	-62	-46	2.8
d'11	-65	-46	2.6
d'12	-69	-46	2.4
d'13	-72	-46	2.3
d'14	-76	-46	2
e'1	-20	-33	-15
e'2	-23	-33	-15
e'3	-28	-33	-15
e'4	-32	-32	-15
e'5	-35	-32	-15
e'6	-39	-32	-16
e'7	-43	-32	-16
e'8	-47	-32	-16
e'9	-50	-32	-16
e'10	-54	-31	-16
e'11	-57	-31	-16
e'12	-61	-31	-16
e'13	-65	-31	-17
e'14	-68	-30	-17
e'15	-71	-30	-17
f'1	-15	-59	-4.9
f'2	-18	-58	-5.3
f'3	-22	-58	-5.5
f'4	-26	-57	-5.8
f'5	-30	-57	-5.9
f'6	-34	-56	-6.2
f'7	-38	-56	-6.6
f'8	-42	-55	-7
f'9	-46	-55	-7.2
f'10	-50	-54	-7.4
f'11	-53	-54	-7.6
f'12	-57	-53	-8
f'13	-60	-52	-8.3
f'14	-64	-52	-8.6
f'15	-67	-52	-8.8
l'1	-19	-51	-13
l'2	-23	-51	-13
l'3	-27	-51	-13
l'4	-31	-51	-14
l'5	-35	-51	-14
l'6	-39	-51	-14
l'7	-43	-51	-15
l'8	-46	-51	-15
l'9	-50	-51	-15
l'10	-54	-51	-15
l'11	-57	-51	-15
l'12	-61	-51	-16
l'13	-64	-51	-16
l'14	-68	-50	-16
l'15	-71	-50	-16
g'1	-14	-70	-8.1
g'2	-18	-70	-8.3
g'3	-22	-70	-8.4
g'4	-26	-70	-8.5
g'5	-30	-69	-8.7
g'6	-34	-69	-8.8
g'7	-37	-69	-9.1
g'8	-41	-68	-9.4
g'9	-45	-68	-9.5
g'10	-49	-68	-9.7
g'11	-52	-68	-9.7
g'12	-56	-67	-10
g'13	-60	-67	-10
g'14	-63	-67	-10
s'1	-2.6	-70	15
s'2	-6.3	-70	15
s'3	-11	-70	15
s'4	-14	-70	15
s'5	-18	-70	15
s'6	-22	-70	15
s'7	-26	-70	15
s'8	-30	-70	15
s'9	-34	-69	15
s'10	-38	-69	15
s'11	-42	-69	15
s'12	-46	-69	15
s'13	-49	-68	14
s'14	-53	-68	14
s'15	-56	-68	14
s'16	-60	-68	14
s'17	-63	-67	14
s'18	-67	-67	14
s'19	-70	-67	14
o'1	-2.3	-77	5
o'2	-5.7	-77	4.8
o'3	-9.5	-77	4.8
o'4	-14	-77	4.8
o'5	-18	-77	4.7
o'6	-22	-77	4.7
o'7	-26	-76	4.7
o'8	-30	-76	4.6
o'9	-33	-76	4.6
o'10	-37	-76	4.4
o'11	-41	-76	4.2
o'12	-45	-75	4
o'13	-49	-75	3.8
o'14	-52	-75	3.7
o'15	-56	-74	3.6
o'16	-60	-74	3.4
o'17	-63	-74	3.3
ecg1	0	0	0
ecg2	0	0	0
