y'1	-30	13	10
y'2	-30	10	12
y'3	-29	7.4	14
y'4	-29	4.3	16
y'5	-29	2	18
y'6	-29	-1	20
y'7	-28	-4.1	22
y'8	-28	-7.1	24
y'9	-28	-9.4	26
y'10	-28	-12	28
y'11	-27	-16	30
y'12	-27	-19	32
y'13	-27	-21	34
y'14	-27	-24	36
y'15	-27	-27	38
y'16	-26	-29	40
y'17	-26	-32	42
y'18	-26	-35	44
y'19	-26	-38	46
y'20	-25	-41	48
y'21	-25	-44	50
y'22	-25	-47	52
y'23	-25	-50	54
y'24	-24	-52	56
y'25	-24	-55	58
y'26	-24	-58	60
y'27	-24	-61	63
t'1	-32	2	7.6
t'2	-35	2.1	7.6
t'3	-39	2.1	7.6
t'4	-42	2.2	7.6
t'5	-46	2.3	7.6
t'6	-49	2.3	7.6
t'7	-52	2.4	7.6
t'8	-56	2.5	7.6
t'9	-59	2.5	7.6
t'10	-63	2.6	7.6
t'11	-66	2.7	7.6
t'12	-70	2.8	7.6
u'1	-31	-11	15
u'2	-34	-11	15
u'3	-37	-11	15
u'4	-41	-11	15
u'5	-44	-11	15
u'6	-48	-11	15
u'7	-52	-12	15
u'8	-55	-12	15
u'9	-59	-12	15
u'10	-62	-12	15
u'11	-66	-12	15
u'12	-69	-12	15
v'1	-0.5	-30	30
v'2	-4	-30	30
v'3	-7.4	-30	30
v'4	-11	-30	30
v'5	-14	-30	30
v'6	-18	-30	30
v'7	-21	-30	30
v'8	-25	-31	30
v'9	-28	-31	30
v'10	-32	-31	30
v'11	-35	-31	30
v'12	-39	-31	30
v'13	-42	-31	30
v'14	-46	-31	30
v'15	-49	-31	30
v'16	-53	-31	30
v'17	-56	-31	30
v'18	-60	-31	30
v'19	-63	-31	30
v'20	-67	-32	30
x'1	-0.5	-55	26
x'2	-3.6	-55	26
x'3	-7.4	-55	26
x'4	-11	-55	26
x'5	-14	-55	26
x'6	-18	-55	26
x'7	-21	-55	26
x'8	-24	-55	26
x'9	-28	-55	26
x'10	-32	-55	26
x'11	-35	-55	26
x'12	-39	-55	26
x'13	-42	-55	26
x'14	-46	-55	26
x'15	-49	-55	26
x'16	-53	-55	26
x'17	-56	-55	26
x'18	-60	-55	26
et'1	-17	7.7	-12
et'2	-20	7.7	-12
et'3	-24	7.7	-12
et'4	-27	7.7	-12
et'5	-31	7.7	-12
et'6	-34	7.7	-12
et'7	-37	7.7	-12
et'8	-41	7.7	-12
et'9	-45	7.7	-12
et'10	-48	7.7	-12
et'11	-51	7.7	-12
et'12	-55	7.7	-12
et'13	-59	7.7	-12
et'14	-62	7.7	-12
et'15	-65	7.7	-12
b'1	-18	-4.6	-3.1
b'2	-21	-4.4	-3.1
b'3	-24	-4.2	-3.1
b'4	-28	-3.9	-3.1
b'5	-32	-3.7	-3.1
b'6	-35	-3.5	-3.1
b'7	-38	-3.3	-3.1
b'8	-42	-3	-3.1
b'9	-46	-2.8	-3.1
b'10	-49	-2.6	-3.1
b'11	-52	-2.4	-3.1
b'12	-56	-2.2	-3.1
b'13	-59	-1.9	-3.1
b'14	-63	-1.7	-3.1
b'15	-66	-1.5	-3.1
c'1	-22	-23	1.9
c'2	-25	-23	1.9
c'3	-28	-23	1.9
c'4	-32	-23	1.9
c'5	-35	-23	1.9
c'6	-39	-23	1.9
c'7	-43	-23	1.9
c'8	-46	-23	1.9
c'9	-49	-23	1.9
c'10	-53	-23	1.9
c'11	-56	-23	1.9
c'12	-60	-23	1.9
c'13	-64	-23	1.9
c'14	-67	-23	1.9
d'1	-25	-32	6.8
d'2	-28	-33	6.8
d'3	-32	-33	6.8
d'4	-35	-33	6.8
d'5	-39	-33	6.8
d'6	-42	-33	6.8
d'7	-46	-33	6.8
d'8	-49	-33	6.8
d'9	-53	-33	6.8
d'10	-56	-34	6.8
d'11	-60	-34	6.8
d'12	-63	-34	6.8
d'13	-67	-34	6.8
d'14	-70	-34	6.8
e'1	-18	-17	-3.9
e'2	-21	-17	-3.9
e'3	-24	-17	-3.9
e'4	-28	-17	-3.9
e'5	-31	-17	-3.9
e'6	-35	-17	-3.9
e'7	-39	-17	-3.9
e'8	-42	-17	-3.9
e'9	-45	-17	-3.9
e'10	-49	-17	-3.9
e'11	-52	-17	-3.9
e'12	-56	-17	-3.9
e'13	-60	-17	-3.9
e'14	-63	-17	-3.9
e'15	-66	-17	-3.9
f'1	-14	-41	-3.9
f'2	-17	-40	-3.9
f'3	-20	-40	-3.9
f'4	-24	-40	-3.9
f'5	-27	-40	-3.9
f'6	-31	-39	-3.9
f'7	-35	-39	-3.9
f'8	-38	-39	-3.9
f'9	-41	-39	-3.9
f'10	-45	-38	-3.9
f'11	-48	-38	-3.9
f'12	-52	-38	-3.9
f'13	-55	-37	-3.9
f'14	-59	-37	-3.9
f'15	-62	-37	-3.9
l'1	-18	-33	-8
l'2	-21	-33	-8.1
l'3	-24	-34	-8.2
l'4	-28	-34	-8.3
l'5	-31	-34	-8.4
l'6	-35	-34	-8.5
l'7	-38	-34	-8.7
l'8	-42	-34	-8.8
l'9	-46	-34	-8.9
l'10	-49	-34	-9
l'11	-52	-34	-9.1
l'12	-56	-34	-9.2
l'13	-59	-35	-9.3
l'14	-63	-35	-9.4
l'15	-66	-35	-9.5
g'1	-14	-50	-9.6
g'2	-17	-50	-9.6
g'3	-20	-50	-9.6
g'4	-24	-50	-9.6
g'5	-28	-50	-9.6
g'6	-31	-50	-9.6
g'7	-34	-50	-9.6
g'8	-38	-50	-9.6
g'9	-42	-50	-9.6
g'10	-45	-50	-9.6
g'11	-48	-50	-9.6
g'12	-52	-50	-9.6
g'13	-56	-50	-9.6
g'14	-59	-50	-9.6
s'1	-2.9	-55	8.4
s'2	-6.1	-55	8.5
s'3	-9.8	-55	8.6
s'4	-13	-55	8.7
s'5	-17	-55	8.8
s'6	-20	-55	8.9
s'7	-24	-55	9
s'8	-27	-55	9
s'9	-31	-55	9.1
s'10	-34	-55	9.2
s'11	-38	-55	9.3
s'12	-41	-55	9.4
s'13	-44	-55	9.5
s'14	-48	-55	9.6
s'15	-51	-55	9.7
s'16	-55	-55	9.8
s'17	-58	-55	9.9
s'18	-62	-55	10
s'19	-65	-55	10
o'1	-2.9	-59	-1.4
o'2	-5.8	-59	-1.4
o'3	-9.4	-59	-1.3
o'4	-13	-59	-1.3
o'5	-16	-59	-1.2
o'6	-20	-59	-1.2
o'7	-24	-59	-1.1
o'8	-27	-59	-1.1
o'9	-31	-59	-1
o'10	-34	-59	-0.98
o'11	-38	-59	-0.93
o'12	-41	-59	-0.88
o'13	-45	-59	-0.83
o'14	-48	-59	-0.78
o'15	-52	-59	-0.74
o'16	-55	-59	-0.69
o'17	-59	-59	-0.64
ecg1	0	0	0
ecg2	0	0	0